d temp PURe PURc ice NO3 PO4 chla P
292 -1.83 128.8 90.49 0.7 31.3 2.18 0.12 10.8
293 -1.83 134.1 94.23 0.7 31.29 2.18 0.12 10.8
294 -1.82 138 97.58 0.7 31.18 2.18 0.12 10.8
295 -1.81 141.9 100.3 0.71 31.18 2.18 0.12 10.8
296 -1.79 145.8 103.1 0.71 31.18 2.18 0.12 10.8
297 -1.79 149.8 105.8 0.72 31.18 2.18 0.12 10.8
298 -1.76 153.7 108.5 0.72 31.08 2.17 0.16 14.4
299 -1.81 157.4 111.2 0.71 30.98 2.17 0.16 14.4
300 -1.79 161.1 114 0.7 30.99 2.17 0.16 14.4
301 -1.81 164.8 116.8 0.68 30.99 2.17 0.16 14.4
302 -1.82 168.5 119.6 0.67 30.66 2.14 0.16 14.4
303 -1.79 172.1 122.5 0.66 30.61 2.14 0.2 18
304 -1.82 175.6 125.3 0.66 30.61 2.14 0.2 18
305 -1.81 178.9 127.9 0.67 30.61 2.14 0.2 18
306 -1.8 182.3 130.6 0.67 30.61 2.14 0.2 18
307 -1.82 185.6 133.2 0.68 30.61 2.14 0.25 22.5
308 -1.81 188.8 135.7 0.68 30.61 2.14 0.25 22.5
309 -1.82 194.2 138.9 0.67 30.43 2.13 0.25 22.5
310 -1.82 199.7 143 0.65 30.43 2.12 0.25 22.5
311 -1.82 205.2 147.2 0.64 30.43 2.12 0.25 22.5
312 -1.82 210.9 151.4 0.62 30.28 2.12 0.25 22.5
313 -1.82 216.6 155.7 0.61 30.26 2.12 0.25 22.5
314 -1.82 225.5 160.6 0.59 30 2.1 0.3 27
315 -1.81 233 166.5 0.58 30 2.1 0.3 27
316 -1.8 239.3 171.6 0.56 30 2.1 0.3 27
317 -1.79 244.6 175.9 0.55 30 2.1 0.3 27
318 -1.79 249.3 179.8 0.53 30 2.08 0.3 27
319 -1.78 249 182.1 0.51 30 2.08 0.35 31.5
320 -1.78 249 182.2 0.48 30 2.08 0.35 31.5
321 -1.77 248.7 182.3 0.46 30 2.05 0.35 31.5
322 -1.77 248.5 182.3 0.43 29.75 2.05 0.35 31.5
323 -1.76 248.3 182.3 0.41 29.5 2.05 0.35 31.5
324 -1.74 249.7 182.7 0.38 29.5 2.05 0.4 36
325 -1.72 251.1 183.9 0.35 29.5 2.05 0.4 36
326 -1.7 252.4 184.9 0.32 29.5 2.05 0.4 36
327 -1.67 253.7 186 0.29 29.5 2.03 0.4 36
328 -1.64 254.1 186.8 0.26 29.25 2.03 0.45 40.5
329 -1.6 256.4 187.5 0.23 29.25 2 0.45 40.5
330 -1.56 258.7 189.3 0.21 29.25 2 0.5 45
331 -1.52 260.9 190.9 0.18 29.25 2 0.5 45
332 -1.47 263.1 192.5 0.16 29.25 2 0.5 45
333 -1.42 265.1 193.9 0.13 29 2 0.5 45
334 -1.36 267.1 195.2 0.11 28.75 2 0.5 45
335 -1.3 268.2 196.2 0.09 28.75 2 0.55 49.5
336 -1.24 269.2 196.7 0.07 28.75 1.98 1.03 92.7
337 -1.18 270.1 197 0.05 28.75 1.98 1.03 92.7
338 -1.11 270.9 197.1 0.03 28.75 1.95 1.03 92.7
339 -1.15 273.1 197.5 0.03 28.5 1.95 1.03 92.7
340 -1.08 275.4 198.6 0.02 28.5 1.95 1.03 92.7
341 -1 277.4 199.6 0.02 28.5 1.95 1.03 92.7
342 -0.92 279.5 200.4 0.01 28.25 1.95 1.02 91.8
343 -0.84 281.4 201.3 0.01 28.25 1.83 1.17 105.3
344 -0.75 283.6 202.1 0.01 28.25 1.83 1.4 126
345 -0.67 285.7 203 0.01 27.89 1.83 1.85 166.5
346 -0.59 287.6 204 0 27.89 1.83 1.85 166.5
347 -0.5 288.8 204.8 0 27.47 1.7 2.19 197.1
348 -0.42 290.5 205 0 26.73 1.7 2.54 228.6
349 -0.33 289.1 205 0 25.79 1.7 2.54 228.6
350 -0.24 287.6 203.6 0 24.85 1.58 2.54 228.6
351 -0.16 286 202.5 0 24.64 1.52 2.81 252.9
352 -0.08 284.2 201.7 0 23.86 1.47 3.46 311.4
353 0.00061 282.3 200.8 0 22.39 1.41 3.86 347.4
354 0.08 284.3 200.5 0 21.37 1.34 4.17 375.3
355 0.16 286.2 202.1 0 20.67 1.36 4.17 375.3
356 0.22 288 203.5 0 19.34 1.36 4.17 375.3
357 0.29 289.7 204.7 0 18.75 1.36 4.41 396.9
358 0.37 291.4 205.8 0 18.05 1.36 4.53 407.7
359 0.44 291 206.5 0 17.29 1.36 4.53 407.7
360 0.53 290.5 206.1 0 16.77 1.37 4.53 407.7
361 0.62 289.8 205.6 0 16.5 1.34 4.53 407.7
362 0.72 289.1 205.1 0 15.96 1.33 4.5 405
363 0.87 288.2 204.6 0 15.13 1.29 4.85 436.5
364 1.02 287 203.9 0 15.2 1.3 5.19 467.1
365 1.16 285.7 203 0 15.76 1.26 5.52 496.8
366 1.27 284.3 202 0 15.27 1.09 5.85 526.5
367 1.37 282.8 200.9 0 15.35 1.09 5.85 526.5
368 1.46 281.2 199.6 0 15.63 1.09 6.13 551.7
369 1.55 281.8 198.8 0 15.21 1.09 6.36 572.4
370 1.63 282.3 198.9 0 15.07 1.09 6.36 572.4
371 1.71 282.7 199 0 14.88 0.94 6.2 558
372 1.78 283 198.9 0 14.42 0.87 6.3 567
373 1.85 283.2 198.8 0 13.66 0.87 5.9 531
374 1.91 282.1 198.2 0 15.14 0.8 5.71 513.9
375 1.96 280.8 197 0 14.16 0.68 5.45 490.5
376 2.01 279.5 195.8 0 9.61 0.58 5.45 490.5
377 2.06 278.1 194.4 0 10.18 0.79 5.45 490.5
378 2.12 276.5 193 0 10.13 0.86 5.45 490.5
379 2.16 273.8 191.1 0 10.13 0.86 5.41 486.9
380 2.21 270.9 188.8 0 10.13 0.86 5.41 486.9
381 2.24 268 186.2 0 10.13 0.86 5.41 486.9
382 2.27 265 183.7 0 10.2 1.01 5.41 486.9
383 2.29 261.9 181.1 0 10.2 1.01 5.83 524.7
384 2.29 259.4 178.6 0 10.2 1.01 5.83 524.7
385 2.3 256.9 176.3 0 10.2 1.01 5.25 472.5
386 2.3 254.2 174 0 10.2 1.01 4.58 412.2
387 2.29 251.5 171.7 0 10.18 1.08 4.58 412.2
388 2.28 248.7 169.4 0 10.22 1.09 4.58 412.2
389 2.27 246.4 167 0 10.41 1.1 4.58 412.2
390 2.25 243.9 164.9 0 10.36 1.13 4.04 363.6
391 2.22 241.2 162.7 0 10.52 1.12 4.04 363.6
392 2.2 238.6 160.4 0 10.52 1.12 3.76 338.4
393 2.18 236.4 158.1 0 10.58 1.13 2.97 267.3
394 2.16 231.2 155.6 0 10.58 1.13 2.25 202.5
395 2.13 225.9 151.5 0 11.47 1.18 1.96 176.4
396 2.11 220 147.3 0 10.87 1.16 1.96 176.4
397 2.08 214.8 143 0 10.87 1.16 1.96 176.4
398 2.05 209.6 139.1 0 10.87 1.16 1.96 176.4
399 2.01 206.1 135.5 0 10.87 1.16 1.96 176.4
400 1.95 201.9 132.7 0 11.1 1.18 1.75 157.5
401 1.88 197.7 129.5 0 11.29 1.18 1.75 157.5
402 1.8 193.5 126.2 0 11.44 1.21 1.75 157.5
403 1.71 189.2 123 0 11.44 1.21 1.75 157.5
404 1.61 186.7 120.2 0 11.44 1.21 1.75 157.5
405 1.51 184.1 118 0 12.33 1.25 1.59 143.1
406 1.43 181.4 115.9 0 12.02 1.24 1.21 108.9
407 1.35 178.7 113.7 0 13.5 1.33 1.03 92.7
408 1.27 175.9 111.4 0 13.5 1.33 1.03 92.7
409 1.18 171.8 108.8 0 13.5 1.33 1.03 92.7
410 1.1 167.7 105.8 0 14.5 1.38 0.97 87.3
411 1.02 163.6 103 0 15.75 1.45 0.88 79.2
412 0.94 159.4 100.2 0 15.75 1.45 0.88 79.2
413 0.84 155.3 97.28 0 15.75 1.45 0.88 79.2
414 0.74 150.5 94.38 0 15.75 1.45 0.88 79.2
415 0.66 145.9 91.33 0 16.5 1.5 0.82 73.8
416 0.58 141.1 88.27 0.01 17.25 1.55 0.75 67.5
417 0.5 136.5 85.3 0.01 17.25 1.55 0.75 67.5
418 0.41 131.9 82.48 0.01 17.25 1.55 0.75 67.5
419 0.31 127.6 79.65 0.01 17.25 1.55 0.75 67.5
420 0.2 123.4 77.06 0.02 18.17 1.6 0.7 63
421 0.08 119.1 74.39 0.02 19 1.65 0.65 58.5
422 -0.05 114.9 71.79 0.03 19 1.65 0.65 58.5
423 -0.19 110.8 69.28 0.03 19 1.65 0.65 58.5
424 -0.33 107 66.99 0.05 19 1.65 0.65 58.5
425 -0.48 103.3 64.85 0.07 20 1.7 0.6 54
426 -0.63 99.57 62.72 0.09 21 1.75 0.55 49.5
427 -0.79 95.83 60.58 0.11 21 1.75 0.55 49.5
428 -0.94 92.09 58.52 0.13 21 1.75 0.55 49.5
429 -1.1 88.05 56.38 0.17 21 1.75 0.55 49.5
430 -1.26 84 54.17 0.2 21.83 1.78 0.5 45
431 -1.4 79.88 51.96 0.24 22.75 1.83 0.45 40.5
432 -1.53 75.84 49.75 0.27 22.75 1.83 0.45 40.5
433 -1.64 71.64 47.46 0.31 22.75 1.83 0.45 40.5
434 -1.72 67.9 45.32 0.35 22.75 1.83 0.45 40.5
435 -1.77 64.17 43.26 0.39 23.5 1.85 0.41 36.9
436 -1.83 60.43 41.28 0.44 24.25 1.88 0.36 32.4
437 -1.83 56.84 39.29 0.48 24.25 1.88 0.36 32.4
438 -1.81 53.86 37.46 0.52 24.25 1.88 0.36 32.4
439 -1.85 50.51 35.63 0.55 24.25 1.88 0.36 32.4
440 -1.85 47.3 33.8 0.57 24.67 1.9 0.33 29.7
441 -1.85 44.18 31.97 0.6 25.25 1.93 0.29 26.1
442 -1.85 41.12 30.29 0.62 25.25 1.93 0.29 26.1
443 -1.85 38.22 28.69 0.65 25.25 1.93 0.29 26.1
444 -1.85 35.86 27.31 0.67 25.25 1.93 0.29 26.1
445 -1.86 33.57 26.09 0.68 25.5 1.95 0.26 23.4
446 -1.86 31.28 24.87 0.7 25.75 1.98 0.23 20.7
447 -1.86 28.99 23.73 0.71 25.75 1.98 0.23 20.7
448 -1.86 26.7 22.58 0.73 25.75 1.98 0.23 20.7
449 -1.86 24.03 21.36 0.74 25.75 1.98 0.23 20.7
450 -1.86 21.44 20.07 0.75 26 1.99 0.2 18
451 -1.86 18.92 18.77 0.75 26.25 2.01 0.18 16.2
452 -1.86 16.4 17.47 0.76 26.25 2.01 0.18 16.2
453 -1.82 13.96 16.25 0.77 26.25 2.01 0.18 16.2
454 -1.82 11.83 15.26 0.77 26.25 2.01 0.18 16.2
455 -1.85 9.61 14.34 0.76 26.5 2.03 0.16 14.4
456 -1.86 7.32 13.5 0.76 26.75 2.04 0.13 11.7
457 -1.86 5.04 12.59 0.75 26.75 2.04 0.13 11.7
458 -1.86 2.82 11.75 0.75 26.75 2.04 0.13 11.7
459 -1.86 0.61 10.91 0.75 26.75 2.04 0.13 11.7
460 -1.86 0 10 0.75 26.83 2.04 0.12 10.8
461 -1.86 0 9.23 0.75 27 2.05 0.09 8.1
462 -1.79 0 8.47 0.75 27 2.05 0.09 8.1
463 -1.82 0 7.71 0.75 27 2.05 0.09 8.1
464 -1.82 0 7.02 0.75 27 2.05 0.08 7.2
465 -1.84 0 6.33 0.76 27 2.05 0.08 7.2
466 -1.86 0 5.65 0.76 27 2.05 0.07 6.3
467 -1.87 0 4.96 0.77 27 2.05 0.07 6.3
468 -1.87 0 4.35 0.77 27 2.05 0.06 5.4
469 -1.76 0 3.82 0.77 27.03 2.05 0.05 4.5
470 -1.78 0 3.28 0.78 27.03 2.05 0.05 4.5
471 -1.81 0 2.82 0.78 27.05 2.05 0.04 3.6
472 -1.82 0 2.37 0.79 27.05 2.05 0.04 3.6
473 -1.85 0 1.98 0.79 27.12 2.05 0.04 3.6
474 -1.84 0 1.6 0.79 27.13 2.05 0.04 3.6
475 -1.84 0 1.22 0.79 27.13 2.05 0.04 3.6
476 -1.79 0 0.84 0.78 27.18 2.06 0.04 3.6
477 -1.78 0 0.53 0.78 27.18 2.06 0.04 3.6
478 -1.75 0 0.31 0.78 27.18 2.06 0.04 3.6
479 -1.77 0 0.15 0.78 27.18 2.06 0.04 3.6
